0010010010000000000000000000000000000000000000000000000
0000010010000011000000001000000000001000000000000000000
0000101110100000010000000100000000001101100000000000000
0000110100100000010000000100000000001101100000000000000
0011010100000000000000000000000000000000000000000000000
0000010010000011000000001000000000001000000000000010000
0000110110100000010000000100000000001101100000000000001
0000111001100000010000000100000000001101100000000000001
0000110001100000000000001000000000010000000000000110000
0000010010000011000000001000000000001000000000000100000
0000101100010000001100000000100000000000000000011000010
0000101100010000001100000000100000000000000000011000010
0000010010000000100000000000000100001100000000000000000
0000010010000011000000000010000000001000000000000000000
0000010010000010000000000100000000001010100000000000001
0000011100100000000000000100000000000000000000000000000
0001010000000000000000000000000000000000000000000001110
0001010001000000000000000000000000000000000000000001100
0101100010100000110000100000000000000000000000000000000
0101100010100000110000100000000000000000000000000000000
0000010010000010100000100000000100101100000000000000000
0000010010000010100000100000000100100011000000000000001
0000010010000000100000000000000100000010000000000000001
0000010000010000000000000100000000000100100000000110010
0000010001010000000000000100000000000100100000000110000
0001011001010000000000000000000000000000000000000001010
0000010010000010000010000000001001010000000001100000000
0000010010000011000000010000000000000000000000000000010
0001011100010010000000100000000000100000000000000001010
0001011101010000000000000000000000000000000000000001000
0000010010000000100000010000000010000000000000000000010
0000010010000011000000010000000000000000000000000000000
1000000000000100000000000000000000000000000000000000000
0001100001010000000000000000000000000000000000000001010
0110111100000000010000000000000000000000000110000000000
0000100000001000000000010000000000000000000000000000010
0000101000100010000000000000001001010000000001000000000
0000101100010000001100000000100000000000000000001000010
0000101100010000001100000000100000000000000000010000010
0000101001010000000000000001000000000000000000000000010
0001101000000000000000000000000000000000000000000001110
0001101001000000000000000000000000000000000000000001110
0000100111100010000000000000001001010000000001000000000
0000101101100000000000000000010000000000000000000000000
0000100100000010000001000000001001010000000000000000000
0001101101010000000000000000000000000000000000000001010
0110011101000000000000000000000000000000000000000000000
0000010010000000100000010000000010000000000000000000010
0000110101100010000000000000001001010000000000100000000
0001110001010000000000000000000000000000000000000001010
0100100100010000001100000000100000000000000000000000010
0000110000000000100000010000000010000000000000000000010
0110011000000000000000000000000000000000000000000000000
0001110101010000000000000000000000000000000000000001010
0110111010000000010000000000000000000000000110000000000
0000111000000001001000010000000000000000011000000000010
0100010010000010000000000000001001010000000000100000000
0110111011000000010000000000000000000000000110000000000
0111011001000000000000000000000000000000000000000000000
0111010111000000000000000000000000000000000000000000000
0111100001000000000000000000000000000000000000000000000
0000000000000000000000000000000000000000000000000000000
0000000000000000000000000000000000000000000000000000000
0000000000000000000000000000000000000000000000000000000
