00010010010000000000000000000000000000000000000000000000000000
00000010010000011000000000100000000000010000000000000000000000
00000110000100000010000000010000000000011011000000000000000000
00000110000100000010000000010000000000011011000000000000000000
00011010100000000000000000000000000000000000000000000000000000
00000010010000011000000000100000000000010000000000000000010000
00000110000100000010000000010000000000011011000000000000000001
00000110000100000010000000010000000000011011000000000000000001
00000110001100000000000000100000000000100000000000000000110000
00000010010000011000000000100000000000010000000000000000100000
00000101100010000001100000000010000000000000000000100000000010
00000101100010000001100000000010000000000000000000100000000010
00000010010000000100000000000000001000011000000000000000000000
00000010010000011000000000001000000000010000000000000000000000
00000010010000010000000000010000000000010101000000000000000001
00000011100100000000000000010000000000000000000000000000000000
00001010000000000000000000000000000000000000000000000000001110
00001010001000000000000000000000000000000000000000000000001100
00100110000100000110000010000000000000000000000000000000000000
00100110000100000110000010000000000000000000000000000000000000
00000010010000010100000010000000001001011000000000000000000000
00000010010000010100000010000000001001000110000000000000000001
00000010010000000100000000000000001000000100000000000000000001
00000011001100010000000000000000100010100000000010000000000000
00000110100100000000000000000000010000000000000000000000110000
00001011001000000000000000000000000000000000000000000000001110
00000010010000010000010000000000100010100000000011000000000000
00000111101100010000000000000000100010100000000010000000000000
00001011100010010000000010000000000001000000000000000000001010
00001011101000000000000000000000000000000000000000000000001110
00000010010000000100000001000000000100000000000000000000000010
00000101101100000000000000000001000000000000000000000000000000
10000000000000100000000000000000000000000000000000000000000000
00001100001010000000000000000000000000000000000000000000001010
00000101100010000001100000000010000000000000000000010000000010
00000100000001000000000001000000000000000000000000000000000010
00001100100010000000000000000000000000000000000000000000001000
00000010001010000000000000010000000000001001000000000000110000
00000010010000011000000001000000000000000000000000000000000000
00000110101100010000000000000000100010100000000001000000000000
00001101000010000000000000000000000000000000000000000000001010
00000010000010000000000000010000000000001001000000000000110010
00000010010000011000000001000000000000000000000000000000000010
00000101100010000001100000000010000000000000000000011000000010
00000010111000010000001000000000100010100000000000000000000000
00001101101010000000000000000000000000000000000000000000001010
00000101100010000001100000000010000000000000000000001000000010
00000010010000000100000001000000000100000000000000000000000010
00111011000000000000000100000000000000000000000000000000000000
00001110001010000000000000000000000000000000000000000000001010
00110111001000000010000000000000000000000000001000000000000000
00000100111000000100000001000000000100000000000000000000000010
00001110100010000000000000000000000000000000000000000000001010
00001110101010000000000000000000000000000000000000000000001010
00000110010000000010000000000000000000000000000100000000000000
00000111111000001001000001000000000000000000110000000000000010
00000101100010000001100000000010000000000000000000000000000010
00101111010000000000000000000000000000000000000000000000000000
01000111100010000000000000000000000000000000000000000001000000
00000111100010000000000000000000000000000000000000000010000000
00001111100000000000000000000000000000000000000000000000001110
00000011101010000000000000000100000000000000000000000000000010
11001000000100000000000000000000010000000000000000000100000000
00000010010000010000000000000000100010100000000001000000000000
